walkingForward
63, 237, 71, 94
144, 237, 71, 94
227, 237, 60, 94
306, 237, 55, 94
454, 237, 57, 94
454, 237, 64, 94
&
standing
190,126,66,96
269,126,66,96
349,126,66,96
426,126,66,96
505,126,66,96
&
normalMove
JAB
A
10,10,5
433, 699, 78, 94
523, 699, 108, 94
&
0,0,0,0
113,0,36,16
&
@
standingBlock
347,701,65,93
&
hit
246,2533,75,92
246,2533,75,92
332,2533,75,92
332,2533,75,92
&
crouch
88,574,63,94
&
normalMove
JAB
A
10,10,1
476,1283,63,66
558,1283,63,66
2,1382,102,66
558,1283,63,66
&
0,0,0,0
0,0,0,0
66,0,50,30
0,0,0,0
&
@
@