ken.png
walkingForward
282,14,62,88
348,10,69,92
420,8,68,95
490,8,58,94
533,8,54,94
611,10,56,92
&
hit
0,1245,67,82
72,1242,68,85
145,1246,64,87
&
jumping
381,125,61,88
446,107,61,106
512,125,63,88
582,144,61,69
648,148,61,66
&
@
standing
1,9,67,93
71,8,66,94
140,6,65,95
268,4,64,98
&
block
677,11,65,91
&
normalMove
JAB
melee
10,10,5,0
mid
647,352,71,94
769,350,102,96
&
0,0,0,0
70,0,30,30
&
0,0
0,0
&
normalMove
FIERCE
melee
289,468,68,94
357,469,90,93
459,451,79,111
541,469,67,93
&
0,0,0,0
0,0,0,0
60,0,30,30
0,0,0,0
&
0,0
0,0
0,0
0,0
&
@
crouch
769,264,62,64
&
@
@